1 1 0 0
2 1 0 0
3 1 0 0
4 2 0 0
5 2 0 0
6 2 0 0
7 3 0 0
8 3 0 0
9 3 0 0
10 4 0 0
11 4 0 0
12 4 0 0
13 4 0 0
14 4 0 0
15 5 0 0
16 5 0 0
17 5 0 0
18 6 0 0
19 6 0 0
20 6 0 0
21 6 0 0
22 6 0 0
23 7 0 0
24 7 0 0
25 7 0 0
26 7 0 0
27 7 0 0
28 7 0 0
29 8 0 0
30 8 0 0
31 8 0 0
32 8 0 0
33 8 0 0
34 8 0 0
35 9 0 0
36 9 0 0
37 9 0 0
38 9 0 0
39 9 0 0
40 10 0 0
41 10 0 0
42 10 0 0
43 10 0 0
44 10 0 0
45 10 0 0
46 10 0 0
47 11 0 0
48 11 0 0
49 11 0 0
50 11 0 0
51 11 0 0
52 11 0 0
53 11 0 0
54 12 0 0
55 12 0 0
56 12 0 0
57 12 0 0
58 12 0 0
59 12 0 0
60 13 0 0
61 13 0 0
62 13 0 0
63 13 0 0
64 13 0 0
65 13 0 0
66 13 0 0
67 13 0 0
68 14 0 0
69 14 0 0
70 14 0 0
71 14 0 0
72 14 0 0
73 14 0 0
74 14 0 0
75 15 0 0
76 15 0 0
77 15 0 0
78 15 0 0
79 15 0 0
80 15 0 0
81 15 0 0
82 15 0 0
83 16 0 0
84 16 0 0
85 16 0 0
86 16 0 0
87 16 0 0
88 16 0 0
89 16 0 0
90 17 0 0
91 17 0 0
92 17 0 0
93 17 0 0
94 17 0 0
95 17 0 0
96 17 0 0
97 17 0 0
98 17 0 0
99 18 0 0
100 18 0 0
101 18 0 0
102 18 0 0
103 18 0 0
104 18 0 0
105 18 0 0
106 18 0 0
107 19 0 0
108 19 0 0
109 19 0 0
110 19 0 0
111 19 0 0
112 19 0 0
113 19 0 0
114 19 0 0
115 19 0 0
116 20 0 0
117 20 0 0
118 20 0 0
119 20 0 0
120 20 0 0
121 20 0 0
122 20 0 0
123 20 0 0
124 20 0 0
125 21 0 0
126 21 0 0
127 21 0 0
128 21 0 0
129 21 0 0
130 21 0 0
131 21 0 0
132 21 0 0
133 21 0 0
134 22 0 0
135 22 0 0
136 22 0 0
137 22 0 0
138 22 0 0
139 22 0 0
140 22 0 0
141 22 0 0
142 22 0 0
143 23 0 0
144 23 0 0
145 23 0 0
146 23 0 0
147 23 0 0
148 23 0 0
149 23 0 0
150 23 0 0
151 23 0 0
152 24 0 0
153 24 0 0
154 24 0 0
155 24 0 0
156 24 0 0
157 24 0 0
158 24 0 0
159 24 0 0
160 24 0 0
161 24 0 0
162 25 0 0
163 25 0 0
164 25 0 0
165 25 0 0
166 25 0 0
167 25 0 0
168 25 0 0
169 25 0 0
170 25 0 0
171 25 0 0
172 26 0 0
173 26 0 0
174 26 0 0
175 26 0 0
176 26 0 0
177 26 0 0
178 26 0 0
179 26 0 0
180 26 0 0
181 26 0 0
182 27 0 0
183 27 0 0
184 27 0 0
185 27 0 0
186 27 0 0
187 27 0 0
188 27 0 0
189 27 0 0
190 27 0 0
191 27 0 0
192 27 0 0
193 28 0 0
194 28 0 0
195 28 0 0
196 28 0 0
197 28 0 0
198 28 0 0
199 28 0 0
200 28 0 0
201 28 0 0
202 28 0 0
203 29 0 0
204 29 0 0
205 29 0 0
206 29 0 0
207 29 0 0
208 29 0 0
209 29 0 0
210 29 0 0
211 29 0 0
212 29 0 0
213 29 0 0
214 30 0 0
215 30 0 0
216 30 0 0
217 30 0 0
218 30 0 0
219 30 0 0
220 30 0 0
221 30 0 0
222 30 0 0
223 30 0 0
224 30 0 0
225 31 0 0
226 31 0 0
227 31 0 0
228 31 0 0
229 31 0 0
230 31 0 0
231 31 0 0
232 31 0 0
233 31 0 0
234 31 0 0
235 31 0 0
236 32 0 0
237 32 0 0
238 32 0 0
239 32 0 0
240 32 0 0
241 32 0 0
242 32 0 0
243 32 0 0
244 32 0 0
245 32 0 0
246 32 0 0
247 32 0 0
248 33 0 0
249 33 0 0
250 33 0 0
251 33 0 0
252 33 0 0
253 33 0 0
254 33 0 0
255 33 0 0
256 33 0 0
257 33 0 0
258 33 0 0
259 34 0 0
260 34 0 0
261 34 0 0
262 34 0 0
263 34 0 0
264 34 0 0
265 34 0 0
266 34 0 0
267 34 0 0
268 34 0 0
269 34 0 0
270 34 0 0
271 35 0 0
272 35 0 0
273 35 0 0
274 35 0 0
275 35 0 0
276 35 0 0
277 35 0 0
278 35 0 0
279 35 0 0
280 35 0 0
281 35 0 0
282 35 0 0
283 36 0 0
284 36 0 0
285 36 0 0
286 36 0 0
287 36 0 0
288 36 0 0
289 36 0 0
290 36 0 0
291 36 0 0
292 36 0 0
293 36 0 0
294 36 0 0
295 37 0 0
296 37 0 0
297 37 0 0
298 37 0 0
299 37 0 0
300 37 0 0
301 37 0 0
302 37 0 0
303 37 0 0
304 37 0 0
305 37 0 0
306 37 0 0
307 38 0 0
308 38 0 0
309 38 0 0
310 38 0 0
311 38 0 0
312 38 0 0
313 38 0 0
314 38 0 0
315 38 0 0
316 38 0 0
317 38 0 0
318 38 0 0
319 38 0 0
320 39 0 0
321 39 0 0
322 39 0 0
323 39 0 0
324 39 0 0
325 39 0 0
326 39 0 0
327 39 0 0
328 39 0 0
329 39 0 0
330 39 0 0
331 39 0 0
332 40 0 0
333 40 0 0
334 40 0 0
335 40 0 0
336 40 0 0
337 40 0 0
338 40 0 0
339 40 0 0
340 40 0 0
341 40 0 0
342 40 0 0
343 40 0 0
344 40 0 0
345 41 0 0
346 41 0 0
347 41 0 0
348 41 0 0
349 41 0 0
350 41 0 0
351 41 0 0
352 41 0 0
353 41 0 0
354 41 0 0
355 41 0 0
356 41 0 0
357 41 0 0
358 42 0 0
359 42 0 0
360 42 0 0
361 42 0 0
362 42 0 0
363 42 0 0
364 42 0 0
365 42 0 0
366 42 0 0
367 42 0 0
368 42 0 0
369 42 0 0
370 42 0 0
371 42 0 0
372 43 0 0
373 43 0 0
374 43 0 0
375 43 0 0
376 43 0 0
377 43 0 0
378 43 0 0
379 43 0 0
380 43 0 0
381 43 0 0
382 43 0 0
383 43 0 0
384 43 0 0
385 44 0 0
386 44 0 0
387 44 0 0
388 44 0 0
389 44 0 0
390 44 0 0
391 44 0 0
392 44 0 0
393 44 0 0
394 44 0 0
395 44 0 0
396 44 0 0
397 44 0 0
398 45 0 0
399 45 0 0
400 45 0 0
401 45 0 0
402 45 0 0
403 45 0 0
404 45 0 0
405 45 0 0
406 45 0 0
407 45 0 0
408 45 0 0
409 45 0 0
410 45 0 0
411 45 0 0
412 46 0 0
413 46 0 0
414 46 0 0
415 46 0 0
416 46 0 0
417 46 0 0
418 46 0 0
419 46 0 0
420 46 0 0
421 46 0 0
422 46 0 0
423 46 0 0
424 46 0 0
425 46 0 0
426 47 0 0
427 47 0 0
428 47 0 0
429 47 0 0
430 47 0 0
431 47 0 0
432 47 0 0
433 47 0 0
434 47 0 0
435 47 0 0
436 47 0 0
437 47 0 0
438 47 0 0
439 47 0 0
440 48 0 0
441 48 0 0
442 48 0 0
443 48 0 0
444 48 0 0
445 48 0 0
446 48 0 0
447 48 0 0
448 48 0 0
449 48 0 0
450 48 0 0
451 48 0 0
452 48 0 0
453 48 0 0
454 49 0 0
455 49 0 0
456 49 0 0
457 49 0 0
458 49 0 0
459 49 0 0
460 49 0 0
461 49 0 0
462 49 0 0
463 49 0 0
464 49 0 0
465 49 0 0
466 49 0 0
467 49 0 0
468 49 0 0
469 50 0 0
470 50 0 0
471 50 0 0
472 50 0 0
473 50 0 0
474 50 0 0
475 50 0 0
476 50 0 0
477 50 0 0
478 50 0 0
479 50 0 0
480 50 0 0
481 50 0 0
482 50 0 0
483 51 0 0
484 51 0 0
485 51 0 0
486 51 0 0
487 51 0 0
488 51 0 0
489 51 0 0
490 51 0 0
491 51 0 0
492 51 0 0
493 51 0 0
494 51 0 0
495 51 0 0
496 51 0 0
497 51 0 0
498 52 0 0
499 52 0 0
500 52 0 0
501 52 0 0
502 52 0 0
503 52 0 0
504 52 0 0
505 52 0 0
506 52 0 0
507 52 0 0
508 52 0 0
509 52 0 0
510 52 0 0
511 52 0 0
512 52 0 0
513 53 0 0
514 53 0 0
515 53 0 0
516 53 0 0
517 53 0 0
518 53 0 0
519 53 0 0
520 53 0 0
521 53 0 0
522 53 0 0
523 53 0 0
524 53 0 0
525 53 0 0
526 53 0 0
527 53 0 0
528 54 0 0
529 54 0 0
530 54 0 0
531 54 0 0
532 54 0 0
533 54 0 0
534 54 0 0
535 54 0 0
536 54 0 0
537 54 0 0
538 54 0 0
539 54 0 0
540 54 0 0
541 54 0 0
542 54 0 0
543 55 0 0
544 55 0 0
545 55 0 0
546 55 0 0
547 55 0 0
548 55 0 0
549 55 0 0
550 55 0 0
551 55 0 0
552 55 0 0
553 55 0 0
554 55 0 0
555 55 0 0
556 55 0 0
557 55 0 0
558 55 0 0
559 56 0 0
560 56 0 0
561 56 0 0
562 56 0 0
563 56 0 0
564 56 0 0
565 56 0 0
566 56 0 0
567 56 0 0
568 56 0 0
569 56 0 0
570 56 0 0
571 56 0 0
572 56 0 0
573 56 0 0
574 57 0 0
575 57 0 0
576 57 0 0
577 57 0 0
578 57 0 0
579 57 0 0
580 57 0 0
581 57 0 0
582 57 0 0
583 57 0 0
584 57 0 0
585 57 0 0
586 57 0 0
587 57 0 0
588 57 0 0
589 57 0 0
590 58 0 0
591 58 0 0
592 58 0 0
593 58 0 0
594 58 0 0
595 58 0 0
596 58 0 0
597 58 0 0
598 58 0 0
599 58 0 0
600 58 0 0
601 58 0 0
602 58 0 0
603 58 0 0
604 58 0 0
605 58 0 0
606 59 0 0
607 59 0 0
608 59 0 0
609 59 0 0
610 59 0 0
611 59 0 0
612 59 0 0
613 59 0 0
614 59 0 0
615 59 0 0
616 59 0 0
617 59 0 0
618 59 0 0
619 59 0 0
620 59 0 0
621 59 0 0
622 60 0 0
623 60 0 0
624 60 0 0
625 60 0 0
626 60 0 0
627 60 0 0
628 60 0 0
629 60 0 0
630 60 0 0
631 60 0 0
632 60 0 0
633 60 0 0
634 60 0 0
635 60 0 0
636 60 0 0
637 60 0 0
638 61 0 0
639 61 0 0
640 61 0 0
641 61 0 0
642 61 0 0
643 61 0 0
644 61 0 0
645 61 0 0
646 61 0 0
647 61 0 0
648 61 0 0
649 61 0 0
650 61 0 0
651 61 0 0
652 61 0 0
653 61 0 0
654 62 0 0
655 62 0 0
656 62 0 0
657 62 0 0
658 62 0 0
659 62 0 0
660 62 0 0
661 62 0 0
662 62 0 0
663 62 0 0
664 62 0 0
665 62 0 0
666 62 0 0
667 62 0 0
668 62 0 0
669 62 0 0
670 62 0 0
671 63 0 0
672 63 0 0
673 63 0 0
674 63 0 0
675 63 0 0
676 63 0 0
677 63 0 0
678 63 0 0
679 63 0 0
680 63 0 0
681 63 0 0
682 63 0 0
683 63 0 0
684 63 0 0
685 63 0 0
686 63 0 0
687 63 0 0
688 64 0 0
689 64 0 0
690 64 0 0
691 64 0 0
692 64 0 0
693 64 0 0
694 64 0 0
695 64 0 0
696 64 0 0
697 64 0 0
698 64 0 0
699 64 0 0
700 64 0 0
701 64 0 0
702 64 0 0
703 64 0 0
704 65 0 0
705 65 0 0
706 65 0 0
707 65 0 0
708 65 0 0
709 65 0 0
710 65 0 0
711 65 0 0
712 65 0 0
713 65 0 0
714 65 0 0
715 65 0 0
716 65 0 0
717 65 0 0
718 65 0 0
719 65 0 0
720 65 0 0
721 66 0 0
722 66 0 0
723 66 0 0
724 66 0 0
725 66 0 0
726 66 0 0
727 66 0 0
728 66 0 0
729 66 0 0
730 66 0 0
731 66 0 0
732 66 0 0
733 66 0 0
734 66 0 0
735 66 0 0
736 66 0 0
737 66 0 0
738 66 0 0
739 67 0 0
740 67 0 0
741 67 0 0
742 67 0 0
743 67 0 0
744 67 0 0
745 67 0 0
746 67 0 0
747 67 0 0
748 67 0 0
749 67 0 0
750 67 0 0
751 67 0 0
752 67 0 0
753 67 0 0
754 67 0 0
755 67 0 0
756 68 0 0
757 68 0 0
758 68 0 0
759 68 0 0
760 68 0 0
761 68 0 0
762 68 0 0
763 68 0 0
764 68 0 0
765 68 0 0
766 68 0 0
767 68 0 0
768 68 0 0
769 68 0 0
770 68 0 0
771 68 0 0
772 68 0 0
773 69 0 0
774 69 0 0
775 69 0 0
776 69 0 0
777 69 0 0
778 69 0 0
779 69 0 0
780 69 0 0
781 69 0 0
782 69 0 0
783 69 0 0
784 69 0 0
785 69 0 0
786 69 0 0
787 69 0 0
788 69 0 0
789 69 0 0
790 69 0 0
791 70 0 0
792 70 0 0
793 70 0 0
794 70 0 0
795 70 0 0
796 70 0 0
797 70 0 0
798 70 0 0
799 70 0 0
800 70 0 0
801 70 0 0
802 70 0 0
803 70 0 0
804 70 0 0
805 70 0 0
806 70 0 0
807 70 0 0
808 71 0 0
809 71 0 0
810 71 0 0
811 71 0 0
812 71 0 0
813 71 0 0
814 71 0 0
815 71 0 0
816 71 0 0
817 71 0 0
818 71 0 0
819 71 0 0
820 71 0 0
821 71 0 0
822 71 0 0
823 71 0 0
824 71 0 0
825 71 0 0
826 72 0 0
827 72 0 0
828 72 0 0
829 72 0 0
830 72 0 0
831 72 0 0
832 72 0 0
833 72 0 0
834 72 0 0
835 72 0 0
836 72 0 0
837 72 0 0
838 72 0 0
839 72 0 0
840 72 0 0
841 72 0 0
842 72 0 0
843 72 0 0
844 73 0 0
845 73 0 0
846 73 0 0
847 73 0 0
848 73 0 0
849 73 0 0
850 73 0 0
851 73 0 0
852 73 0 0
853 73 0 0
854 73 0 0
855 73 0 0
856 73 0 0
857 73 0 0
858 73 0 0
859 73 0 0
860 73 0 0
861 73 0 0
862 73 0 0
863 74 0 0
864 74 0 0
865 74 0 0
866 74 0 0
867 74 0 0
868 74 0 0
869 74 0 0
870 74 0 0
871 74 0 0
872 74 0 0
873 74 0 0
874 74 0 0
875 74 0 0
876 74 0 0
877 74 0 0
878 74 0 0
879 74 0 0
880 74 0 0
881 75 0 0
882 75 0 0
883 75 0 0
884 75 0 0
885 75 0 0
886 75 0 0
887 75 0 0
888 75 0 0
889 75 0 0
890 75 0 0
891 75 0 0
892 75 0 0
893 75 0 0
894 75 0 0
895 75 0 0
896 75 0 0
897 75 0 0
898 75 0 0
899 76 0 0
900 76 0 0
901 76 0 0
902 76 0 0
903 76 0 0
904 76 0 0
905 76 0 0
906 76 0 0
907 76 0 0
908 76 0 0
909 76 0 0
910 76 0 0
911 76 0 0
912 76 0 0
913 76 0 0
914 76 0 0
915 76 0 0
916 76 0 0
917 76 0 0
918 77 0 0
919 77 0 0
920 77 0 0
921 77 0 0
922 77 0 0
923 77 0 0
924 77 0 0
925 77 0 0
926 77 0 0
927 77 0 0
928 77 0 0
929 77 0 0
930 77 0 0
931 77 0 0
932 77 0 0
933 77 0 0
934 77 0 0
935 77 0 0
936 77 0 0
937 78 0 0
938 78 0 0
939 78 0 0
940 78 0 0
941 78 0 0
942 78 0 0
943 78 0 0
944 78 0 0
945 78 0 0
946 78 0 0
947 78 0 0
948 78 0 0
949 78 0 0
950 78 0 0
951 78 0 0
952 78 0 0
953 78 0 0
954 78 0 0
955 79 0 0
956 79 0 0
957 79 0 0
958 79 0 0
959 79 0 0
960 79 0 0
961 79 0 0
962 79 0 0
963 79 0 0
964 79 0 0
965 79 0 0
966 79 0 0
967 79 0 0
968 79 0 0
969 79 0 0
970 79 0 0
971 79 0 0
972 79 0 0
973 79 0 0
974 79 0 0
975 80 0 0
976 80 0 0
977 80 0 0
978 80 0 0
979 80 0 0
980 80 0 0
981 80 0 0
982 80 0 0
983 80 0 0
984 80 0 0
985 80 0 0
986 80 0 0
987 80 0 0
988 80 0 0
989 80 0 0
990 80 0 0
991 80 0 0
992 80 0 0
993 80 0 0
994 81 0 0
995 81 0 0
996 81 0 0
997 81 0 0
998 81 0 0
999 81 0 0
1000 81 0 0
1001 81 0 0
1002 81 0 0
1003 81 0 0
1004 81 0 0
1005 81 0 0
1006 81 0 0
1007 81 0 0
1008 81 0 0
1009 81 0 0
1010 81 0 0
1011 81 0 0
1012 81 0 0
1013 82 0 0
1014 82 0 0
1015 82 0 0
1016 82 0 0
1017 82 0 0
1018 82 0 0
1019 82 0 0
1020 82 0 0
1021 82 0 0
1022 82 0 0
1023 82 0 0
1024 82 0 0
1025 82 0 0
1026 82 0 0
1027 82 0 0
1028 82 0 0
1029 82 0 0
1030 82 0 0
1031 82 0 0
1032 83 0 0
1033 83 0 0
1034 83 0 0
1035 83 0 0
1036 83 0 0
1037 83 0 0
1038 83 0 0
1039 83 0 0
1040 83 0 0
1041 83 0 0
1042 83 0 0
1043 83 0 0
1044 83 0 0
1045 83 0 0
1046 83 0 0
1047 83 0 0
1048 83 0 0
1049 83 0 0
1050 83 0 0
1051 83 0 0
1052 84 0 0
1053 84 0 0
1054 84 0 0
1055 84 0 0
1056 84 0 0
1057 84 0 0
1058 84 0 0
1059 84 0 0
1060 84 0 0
1061 84 0 0
1062 84 0 0
1063 84 0 0
1064 84 0 0
1065 84 0 0
1066 84 0 0
1067 84 0 0
1068 84 0 0
1069 84 0 0
1070 84 0 0
1071 84 0 0
1072 85 0 0
1073 85 0 0
1074 85 0 0
1075 85 0 0
1076 85 0 0
1077 85 0 0
1078 85 0 0
1079 85 0 0
1080 85 0 0
1081 85 0 0
1082 85 0 0
1083 85 0 0
1084 85 0 0
1085 85 0 0
1086 85 0 0
1087 85 0 0
1088 85 0 0
1089 85 0 0
1090 85 0 0
1091 85 0 0
1092 86 0 0
1093 86 0 0
1094 86 0 0
1095 86 0 0
1096 86 0 0
1097 86 0 0
1098 86 0 0
1099 86 0 0
1100 86 0 0
1101 86 0 0
1102 86 0 0
1103 86 0 0
1104 86 0 0
1105 86 0 0
1106 86 0 0
1107 86 0 0
1108 86 0 0
1109 86 0 0
1110 86 0 0
1111 86 0 0
1112 87 0 0
1113 87 0 0
1114 87 0 0
1115 87 0 0
1116 87 0 0
1117 87 0 0
1118 87 0 0
1119 87 0 0
1120 87 0 0
1121 87 0 0
1122 87 0 0
1123 87 0 0
1124 87 0 0
1125 87 0 0
1126 87 0 0
1127 87 0 0
1128 87 0 0
1129 87 0 0
1130 87 0 0
1131 87 0 0
1132 88 0 0
1133 88 0 0
1134 88 0 0
1135 88 0 0
1136 88 0 0
1137 88 0 0
1138 88 0 0
1139 88 0 0
1140 88 0 0
1141 88 0 0
1142 88 0 0
1143 88 0 0
1144 88 0 0
1145 88 0 0
1146 88 0 0
1147 88 0 0
1148 88 0 0
1149 88 0 0
1150 88 0 0
1151 88 0 0
1152 89 0 0
1153 89 0 0
1154 89 0 0
1155 89 0 0
1156 89 0 0
1157 89 0 0
1158 89 0 0
1159 89 0 0
1160 89 0 0
1161 89 0 0
1162 89 0 0
1163 89 0 0
1164 89 0 0
1165 89 0 0
1166 89 0 0
1167 89 0 0
1168 89 0 0
1169 89 0 0
1170 89 0 0
1171 89 0 0
1172 89 0 0
1173 90 0 0
1174 90 0 0
1175 90 0 0
1176 90 0 0
1177 90 0 0
1178 90 0 0
1179 90 0 0
1180 90 0 0
1181 90 0 0
1182 90 0 0
1183 90 0 0
1184 90 0 0
1185 90 0 0
1186 90 0 0
1187 90 0 0
1188 90 0 0
1189 90 0 0
1190 90 0 0
1191 90 0 0
1192 90 0 0
1193 91 0 0
1194 91 0 0
1195 91 0 0
1196 91 0 0
1197 91 0 0
1198 91 0 0
1199 91 0 0
1200 91 0 0
1201 91 0 0
1202 91 0 0
1203 91 0 0
1204 91 0 0
1205 91 0 0
1206 91 0 0
1207 91 0 0
1208 91 0 0
1209 91 0 0
1210 91 0 0
1211 91 0 0
1212 91 0 0
1213 91 0 0
1214 92 0 0
1215 92 0 0
1216 92 0 0
1217 92 0 0
1218 92 0 0
1219 92 0 0
1220 92 0 0
1221 92 0 0
1222 92 0 0
1223 92 0 0
1224 92 0 0
1225 92 0 0
1226 92 0 0
1227 92 0 0
1228 92 0 0
1229 92 0 0
1230 92 0 0
1231 92 0 0
1232 92 0 0
1233 92 0 0
1234 92 0 0
1235 93 0 0
1236 93 0 0
1237 93 0 0
1238 93 0 0
1239 93 0 0
1240 93 0 0
1241 93 0 0
1242 93 0 0
1243 93 0 0
1244 93 0 0
1245 93 0 0
1246 93 0 0
1247 93 0 0
1248 93 0 0
1249 93 0 0
1250 93 0 0
1251 93 0 0
1252 93 0 0
1253 93 0 0
1254 93 0 0
1255 93 0 0
1256 94 0 0
1257 94 0 0
1258 94 0 0
1259 94 0 0
1260 94 0 0
1261 94 0 0
1262 94 0 0
1263 94 0 0
1264 94 0 0
1265 94 0 0
1266 94 0 0
1267 94 0 0
1268 94 0 0
1269 94 0 0
1270 94 0 0
1271 94 0 0
1272 94 0 0
1273 94 0 0
1274 94 0 0
1275 94 0 0
1276 94 0 0
1277 95 0 0
1278 95 0 0
1279 95 0 0
1280 95 0 0
1281 95 0 0
1282 95 0 0
1283 95 0 0
1284 95 0 0
1285 95 0 0
1286 95 0 0
1287 95 0 0
1288 95 0 0
1289 95 0 0
1290 95 0 0
1291 95 0 0
1292 95 0 0
1293 95 0 0
1294 95 0 0
1295 95 0 0
1296 95 0 0
1297 95 0 0
1298 96 0 0
1299 96 0 0
1300 96 0 0
1301 96 0 0
1302 96 0 0
1303 96 0 0
1304 96 0 0
1305 96 0 0
1306 96 0 0
1307 96 0 0
1308 96 0 0
1309 96 0 0
1310 96 0 0
1311 96 0 0
1312 96 0 0
1313 96 0 0
1314 96 0 0
1315 96 0 0
1316 96 0 0
1317 96 0 0
1318 96 0 0
1319 97 0 0
1320 97 0 0
1321 97 0 0
1322 97 0 0
1323 97 0 0
1324 97 0 0
1325 97 0 0
1326 97 0 0
1327 97 0 0
1328 97 0 0
1329 97 0 0
1330 97 0 0
1331 97 0 0
1332 97 0 0
1333 97 0 0
1334 97 0 0
1335 97 0 0
1336 97 0 0
1337 97 0 0
1338 97 0 0
1339 97 0 0
1340 97 0 0
1341 98 0 0
1342 98 0 0
1343 98 0 0
1344 98 0 0
1345 98 0 0
1346 98 0 0
1347 98 0 0
1348 98 0 0
1349 98 0 0
1350 98 0 0
1351 98 0 0
1352 98 0 0
1353 98 0 0
1354 98 0 0
1355 98 0 0
1356 98 0 0
1357 98 0 0
1358 98 0 0
1359 98 0 0
1360 98 0 0
1361 98 0 0
1362 98 0 0
1363 99 0 0
1364 99 0 0
1365 99 0 0
1366 99 0 0
1367 99 0 0
1368 99 0 0
1369 99 0 0
1370 99 0 0
1371 99 0 0
1372 99 0 0
1373 99 0 0
1374 99 0 0
1375 99 0 0
1376 99 0 0
1377 99 0 0
1378 99 0 0
1379 99 0 0
1380 99 0 0
1381 99 0 0
1382 99 0 0
1383 99 0 0
1384 100 0 0
1385 100 0 0
1386 100 0 0
1387 100 0 0
1388 100 0 0
1389 100 0 0
1390 100 0 0
1391 100 0 0
1392 100 0 0
1393 100 0 0
1394 100 0 0
1395 100 0 0
1396 100 0 0
1397 100 0 0
1398 100 0 0
1399 100 0 0
1400 100 0 0
1401 100 0 0
1402 100 0 0
1403 100 0 0
1404 100 0 0
1405 100 0 0
1406 101 0 0
1407 101 0 0
1408 101 0 0
1409 101 0 0
1410 101 0 0
1411 101 0 0
1412 101 0 0
1413 101 0 0
1414 101 0 0
1415 101 0 0
1416 101 0 0
1417 101 0 0
1418 101 0 0
1419 101 0 0
1420 101 0 0
1421 101 0 0
1422 101 0 0
1423 101 0 0
1424 101 0 0
1425 101 0 0
1426 101 0 0
1427 101 0 0
1428 102 0 0
1429 102 0 0
1430 102 0 0
1431 102 0 0
1432 102 0 0
1433 102 0 0
1434 102 0 0
1435 102 0 0
1436 102 0 0
1437 102 0 0
1438 102 0 0
1439 102 0 0
1440 102 0 0
1441 102 0 0
1442 102 0 0
1443 102 0 0
1444 102 0 0
1445 102 0 0
1446 102 0 0
1447 102 0 0
1448 102 0 0
1449 102 0 0
1450 102 0 0
1451 103 0 0
1452 103 0 0
1453 103 0 0
1454 103 0 0
1455 103 0 0
1456 103 0 0
1457 103 0 0
1458 103 0 0
1459 103 0 0
1460 103 0 0
1461 103 0 0
1462 103 0 0
1463 103 0 0
1464 103 0 0
1465 103 0 0
1466 103 0 0
1467 103 0 0
1468 103 0 0
1469 103 0 0
1470 103 0 0
1471 103 0 0
1472 103 0 0
1473 104 0 0
1474 104 0 0
1475 104 0 0
1476 104 0 0
1477 104 0 0
1478 104 0 0
1479 104 0 0
1480 104 0 0
1481 104 0 0
1482 104 0 0
1483 104 0 0
1484 104 0 0
1485 104 0 0
1486 104 0 0
1487 104 0 0
1488 104 0 0
1489 104 0 0
1490 104 0 0
1491 104 0 0
1492 104 0 0
1493 104 0 0
1494 104 0 0
1495 105 0 0
1496 105 0 0
1497 105 0 0
1498 105 0 0
1499 105 0 0
1500 105 0 0
1501 105 0 0
1502 105 0 0
1503 105 0 0
1504 105 0 0
1505 105 0 0
1506 105 0 0
1507 105 0 0
1508 105 0 0
1509 105 0 0
1510 105 0 0
1511 105 0 0
1512 105 0 0
1513 105 0 0
1514 105 0 0
1515 105 0 0
1516 105 0 0
1517 105 0 0
1518 106 0 0
1519 106 0 0
1520 106 0 0
1521 106 0 0
1522 106 0 0
1523 106 0 0
1524 106 0 0
1525 106 0 0
1526 106 0 0
1527 106 0 0
1528 106 0 0
1529 106 0 0
1530 106 0 0
1531 106 0 0
1532 106 0 0
1533 106 0 0
1534 106 0 0
1535 106 0 0
1536 106 0 0
1537 106 0 0
1538 106 0 0
1539 106 0 0
1540 106 0 0
1541 107 0 0
1542 107 0 0
1543 107 0 0
1544 107 0 0
1545 107 0 0
1546 107 0 0
1547 107 0 0
1548 107 0 0
1549 107 0 0
1550 107 0 0
1551 107 0 0
1552 107 0 0
1553 107 0 0
1554 107 0 0
1555 107 0 0
1556 107 0 0
1557 107 0 0
1558 107 0 0
1559 107 0 0
1560 107 0 0
1561 107 0 0
1562 107 0 0
1563 107 0 0
1564 108 0 0
1565 108 0 0
1566 108 0 0
1567 108 0 0
1568 108 0 0
1569 108 0 0
1570 108 0 0
1571 108 0 0
1572 108 0 0
1573 108 0 0
1574 108 0 0
1575 108 0 0
1576 108 0 0
1577 108 0 0
1578 108 0 0
1579 108 0 0
1580 108 0 0
1581 108 0 0
1582 108 0 0
1583 108 0 0
1584 108 0 0
1585 108 0 0
1586 109 0 0
1587 109 0 0
1588 109 0 0
1589 109 0 0
1590 109 0 0
1591 109 0 0
1592 109 0 0
1593 109 0 0
1594 109 0 0
1595 109 0 0
1596 109 0 0
1597 109 0 0
1598 109 0 0
1599 109 0 0
1600 109 0 0
1601 109 0 0
1602 109 0 0
1603 109 0 0
1604 109 0 0
1605 109 0 0
1606 109 0 0
1607 109 0 0
1608 109 0 0
1609 109 0 0
1610 110 0 0
1611 110 0 0
1612 110 0 0
1613 110 0 0
1614 110 0 0
1615 110 0 0
1616 110 0 0
1617 110 0 0
1618 110 0 0
1619 110 0 0
1620 110 0 0
1621 110 0 0
1622 110 0 0
1623 110 0 0
1624 110 0 0
1625 110 0 0
1626 110 0 0
1627 110 0 0
1628 110 0 0
1629 110 0 0
1630 110 0 0
1631 110 0 0
1632 110 0 0
1633 111 0 0
1634 111 0 0
1635 111 0 0
1636 111 0 0
1637 111 0 0
1638 111 0 0
1639 111 0 0
1640 111 0 0
1641 111 0 0
1642 111 0 0
1643 111 0 0
1644 111 0 0
1645 111 0 0
1646 111 0 0
1647 111 0 0
1648 111 0 0
1649 111 0 0
1650 111 0 0
1651 111 0 0
1652 111 0 0
1653 111 0 0
1654 111 0 0
1655 111 0 0
1656 112 0 0
1657 112 0 0
1658 112 0 0
1659 112 0 0
1660 112 0 0
1661 112 0 0
1662 112 0 0
1663 112 0 0
1664 112 0 0
1665 112 0 0
1666 112 0 0
1667 112 0 0
1668 112 0 0
1669 112 0 0
1670 112 0 0
1671 112 0 0
1672 112 0 0
1673 112 0 0
1674 112 0 0
1675 112 0 0
1676 112 0 0
1677 112 0 0
1678 112 0 0
1679 112 0 0
1680 113 0 0
1681 113 0 0
1682 113 0 0
1683 113 0 0
1684 113 0 0
1685 113 0 0
1686 113 0 0
1687 113 0 0
1688 113 0 0
1689 113 0 0
1690 113 0 0
1691 113 0 0
1692 113 0 0
1693 113 0 0
1694 113 0 0
1695 113 0 0
1696 113 0 0
1697 113 0 0
1698 113 0 0
1699 113 0 0
1700 113 0 0
1701 113 0 0
1702 113 0 0
1703 114 0 0
1704 114 0 0
1705 114 0 0
1706 114 0 0
1707 114 0 0
1708 114 0 0
1709 114 0 0
1710 114 0 0
1711 114 0 0
1712 114 0 0
1713 114 0 0
1714 114 0 0
1715 114 0 0
1716 114 0 0
1717 114 0 0
1718 114 0 0
1719 114 0 0
1720 114 0 0
1721 114 0 0
1722 114 0 0
1723 114 0 0
1724 114 0 0
1725 114 0 0
1726 114 0 0
1727 115 0 0
1728 115 0 0
1729 115 0 0
1730 115 0 0
1731 115 0 0
1732 115 0 0
1733 115 0 0
1734 115 0 0
1735 115 0 0
1736 115 0 0
1737 115 0 0
1738 115 0 0
1739 115 0 0
1740 115 0 0
1741 115 0 0
1742 115 0 0
1743 115 0 0
1744 115 0 0
1745 115 0 0
1746 115 0 0
1747 115 0 0
1748 115 0 0
1749 115 0 0
1750 115 0 0
1751 116 0 0
1752 116 0 0
1753 116 0 0
1754 116 0 0
1755 116 0 0
1756 116 0 0
1757 116 0 0
1758 116 0 0
1759 116 0 0
1760 116 0 0
1761 116 0 0
1762 116 0 0
1763 116 0 0
1764 116 0 0
1765 116 0 0
1766 116 0 0
1767 116 0 0
1768 116 0 0
1769 116 0 0
1770 116 0 0
1771 116 0 0
1772 116 0 0
1773 116 0 0
1774 116 0 0
1775 117 0 0
1776 117 0 0
1777 117 0 0
1778 117 0 0
1779 117 0 0
1780 117 0 0
1781 117 0 0
1782 117 0 0
1783 117 0 0
1784 117 0 0
1785 117 0 0
1786 117 0 0
1787 117 0 0
1788 117 0 0
1789 117 0 0
1790 117 0 0
1791 117 0 0
1792 117 0 0
1793 117 0 0
1794 117 0 0
1795 117 0 0
1796 117 0 0
1797 117 0 0
1798 117 0 0
1799 118 0 0
1800 118 0 0
1801 118 0 0
1802 118 0 0
1803 118 0 0
1804 118 0 0
1805 118 0 0
1806 118 0 0
1807 118 0 0
1808 118 0 0
1809 118 0 0
1810 118 0 0
1811 118 0 0
1812 118 0 0
1813 118 0 0
1814 118 0 0
1815 118 0 0
1816 118 0 0
1817 118 0 0
1818 118 0 0
1819 118 0 0
1820 118 0 0
1821 118 0 0
1822 118 0 0
1823 119 0 0
1824 119 0 0
1825 119 0 0
1826 119 0 0
1827 119 0 0
1828 119 0 0
1829 119 0 0
1830 119 0 0
1831 119 0 0
1832 119 0 0
1833 119 0 0
1834 119 0 0
1835 119 0 0
1836 119 0 0
1837 119 0 0
1838 119 0 0
1839 119 0 0
1840 119 0 0
1841 119 0 0
1842 119 0 0
1843 119 0 0
1844 119 0 0
1845 119 0 0
1846 119 0 0
1847 119 0 0
1848 120 0 0
1849 120 0 0
1850 120 0 0
1851 120 0 0
1852 120 0 0
1853 120 0 0
1854 120 0 0
1855 120 0 0
1856 120 0 0
1857 120 0 0
1858 120 0 0
1859 120 0 0
1860 120 0 0
1861 120 0 0
1862 120 0 0
1863 120 0 0
1864 120 0 0
1865 120 0 0
1866 120 0 0
1867 120 0 0
1868 120 0 0
1869 120 0 0
1870 120 0 0
1871 120 0 0
1872 121 0 0
1873 121 0 0
1874 121 0 0
1875 121 0 0
1876 121 0 0
1877 121 0 0
1878 121 0 0
1879 121 0 0
1880 121 0 0
1881 121 0 0
1882 121 0 0
1883 121 0 0
1884 121 0 0
1885 121 0 0
1886 121 0 0
1887 121 0 0
1888 121 0 0
1889 121 0 0
1890 121 0 0
1891 121 0 0
1892 121 0 0
1893 121 0 0
1894 121 0 0
1895 121 0 0
1896 121 0 0
1897 122 0 0
1898 122 0 0
1899 122 0 0
1900 122 0 0
1901 122 0 0
1902 122 0 0
1903 122 0 0
1904 122 0 0
1905 122 0 0
1906 122 0 0
1907 122 0 0
1908 122 0 0
1909 122 0 0
1910 122 0 0
1911 122 0 0
1912 122 0 0
1913 122 0 0
1914 122 0 0
1915 122 0 0
1916 122 0 0
1917 122 0 0
1918 122 0 0
1919 122 0 0
1920 122 0 0
1921 122 0 0
1922 123 0 0
1923 123 0 0
1924 123 0 0
1925 123 0 0
1926 123 0 0
1927 123 0 0
1928 123 0 0
1929 123 0 0
1930 123 0 0
1931 123 0 0
1932 123 0 0
1933 123 0 0
1934 123 0 0
1935 123 0 0
1936 123 0 0
1937 123 0 0
1938 123 0 0
1939 123 0 0
1940 123 0 0
1941 123 0 0
1942 123 0 0
1943 123 0 0
1944 123 0 0
1945 123 0 0
1946 123 0 0
1947 124 0 0
1948 124 0 0
1949 124 0 0
1950 124 0 0
1951 124 0 0
1952 124 0 0
1953 124 0 0
1954 124 0 0
1955 124 0 0
1956 124 0 0
1957 124 0 0
1958 124 0 0
1959 124 0 0
1960 124 0 0
1961 124 0 0
1962 124 0 0
1963 124 0 0
1964 124 0 0
1965 124 0 0
1966 124 0 0
1967 124 0 0
1968 124 0 0
1969 124 0 0
1970 124 0 0
1971 124 0 0
1972 125 0 0
1973 125 0 0
1974 125 0 0
1975 125 0 0
1976 125 0 0
1977 125 0 0
1978 125 0 0
1979 125 0 0
1980 125 0 0
1981 125 0 0
1982 125 0 0
1983 125 0 0
1984 125 0 0
1985 125 0 0
1986 125 0 0
1987 125 0 0
1988 125 0 0
1989 125 0 0
1990 125 0 0
1991 125 0 0
1992 125 0 0
1993 125 0 0
1994 125 0 0
1995 125 0 0
1996 125 0 0
1997 126 0 0
1998 126 0 0
1999 126 0 0
2000 126 0 0
